   1.0000000e+00   1.0291714e+00   1.0429814e+00   9.2834552e-02   5.2465797e-01   1.7608760e-01  -7.1264648e-01  -5.3850752e-02  -1.7922379e+00   1.9482994e+00   2.1127614e-01
   2.0000000e+00   1.4857098e+00   1.0733760e+00   1.2684382e+00   2.1562153e+00  -1.9271213e+00   8.0260167e-01  -2.0928540e+00   2.9576394e-02  -5.5811646e-01   3.3134534e-01
   2.0000000e+00   1.1071719e-01  -1.6111019e-01   1.3746682e+00  -4.7511145e-01   2.9216702e-01  -2.7433826e-01  -1.2938754e+00   4.6329526e-02  -1.0650473e+00  -5.2376313e-01
   2.0000000e+00   1.1810832e+00   1.0595345e+00  -2.3586782e-01   1.4121019e+00  -9.2539980e-01  -1.5030063e-01   5.2081280e-01   9.1744555e-01  -2.5485082e-01   1.2024593e+00
   1.0000000e+00  -5.5282879e-01  -4.6587161e-02   1.2533779e-01   2.7230533e-01   3.7646153e-01   4.7065361e-01  -3.5611665e-01   1.8164394e-01   8.9575600e-01   2.7860461e-01
   2.0000000e+00  -1.3206688e-01  -1.7660542e-02   2.2141909e-01   4.8815457e-01   1.8004453e+00  -1.5492618e+00  -1.2437080e+00   3.5448947e-01   3.2452799e-01  -1.3849019e+00
   2.0000000e+00  -6.7873052e-01  -3.5335783e-01  -6.7825275e-01  -1.0039279e+00   7.4667870e-01   1.0702254e+00  -1.0520209e-01   1.2099056e+00  -3.3217693e-01   2.0485362e-01
   2.0000000e+00  -8.0621071e-01  -5.3834365e-01   6.8644991e-01  -5.5693559e-01   1.0080398e+00  -6.6139700e-02  -1.2531337e-01  -7.4493986e-01  -5.0393905e-01   3.8488155e-01
   2.0000000e+00   1.8511741e-01  -2.2201473e-02  -1.3766416e+00   2.0835078e+00   5.9975598e-01   7.7287248e-01  -8.1141056e-01   9.1293220e-02  -9.3357465e-01   1.7462547e+00
   2.0000000e+00  -1.0910772e+00   8.7675907e-01  -1.0120046e+00  -5.5558422e-01  -6.0326587e-01   2.0616521e+00   9.2410566e-02  -2.1260320e+00  -9.0341690e-01  -7.1442684e-02
   1.0000000e+00  -1.3293037e+00  -1.9281433e+00   2.1740358e-01   2.1333344e-01  -2.3198115e+00   8.7011640e-01   2.0627936e-01  -8.3235779e-01  -1.4350663e+00   1.4061929e+00
   2.0000000e+00   1.1795819e+00   1.2114773e+00   7.5328851e-01   6.9447788e-01  -3.7495370e-01  -1.1431303e+00   3.4029803e-01  -1.0803050e+00  -8.6067970e-03  -9.9096147e-01
   2.0000000e+00  -1.2519969e+00   8.8946082e-01  -2.5129128e+00  -2.0160263e-01  -1.9201745e+00   6.5348508e-01  -9.1994325e-01   6.4057301e-01  -1.0459274e+00  -1.3404168e-01
   2.0000000e+00  -6.4978124e-02  -1.8596528e+00   1.9480276e+00  -2.3993138e-01   4.3792419e-01  -2.2830198e-01   2.0313456e+00   5.5748546e-01  -2.0083326e+00  -1.9318713e-01
   2.0000000e+00  -5.9623305e-01  -1.5807281e+00   2.0842643e-01  -1.8521285e-01   5.0832584e-01  -1.6736424e-01  -2.7921018e-01  -4.2657281e-01  -2.9179581e+00  -1.6289855e-01
   2.0000000e+00   1.2918506e+00   1.1983737e+00  -1.2079411e-01  -9.6275760e-01   1.0981242e+00   1.0681068e+00  -9.8269571e-01   7.0612419e-01   1.9146877e+00   1.3889346e+00
   2.0000000e+00   1.9114005e-01   1.0425663e+00  -6.4561868e-01  -1.4547021e+00   2.2445611e-01   7.3068180e-01  -1.6711340e+00   1.6074743e-01   3.6709439e-01   1.1018085e+00
   1.0000000e+00   1.3113830e+00  -7.8636184e-02   1.0608513e+00   1.0779099e-01   1.2915451e+00   5.2715049e-01   1.2090648e+00   1.6763961e-01  -1.3248249e+00  -7.8649620e-01
   1.0000000e+00  -8.8696868e-01  -3.0666359e-01  -6.7288948e-01   4.7882625e-01   1.0639962e-02   2.3201800e-01   5.8856904e-01   3.4196809e-01  -6.9158255e-01  -8.4218851e-01
   2.0000000e+00  -5.3633496e-01   2.7816864e-01   1.3675980e+00  -2.8877526e-01   2.9662527e-01   1.0341719e+00  -5.4512315e-01  -1.3424529e+00   1.0481213e+00   5.0684513e-01
   1.0000000e+00  -1.1456329e+00   1.0384923e+00  -1.4506926e-01   1.1246793e-01  -1.2708665e-02   2.4624028e-01   3.2238249e-01  -7.3506317e-01   1.8206391e+00  -1.0973280e-01
   2.0000000e+00  -2.8451932e-01   2.0016235e-02  -2.0073061e-02   1.4235948e+00  -6.5183729e-01   1.3331715e+00   8.7353073e-01   1.0090940e+00   6.7978867e-01   1.1409920e-01
   2.0000000e+00  -1.7086571e+00  -7.2052394e-01   2.9663557e-01   1.0064068e+00  -1.0028285e+00  -8.8138827e-01   6.1031518e-01  -6.5301729e-02   8.4007101e-01  -6.8918476e-01
   2.0000000e+00  -2.2239227e-01   7.6618316e-01   3.5031034e-01   2.1711376e+00   1.0984462e-01  -8.8276958e-01  -2.5330486e+00   5.6322756e-02   1.1407189e+00   7.8718501e-01
   2.0000000e+00  -1.2229799e+00  -6.6533832e-01  -4.5109201e-01  -1.2558325e+00   5.6699205e-01  -2.7520847e+00  -2.4245308e-01   8.0219458e-01  -2.2808780e-01   5.7094850e-01
   2.0000000e+00   3.1670432e-01  -4.8448735e-01  -2.2247705e+00  -3.0740635e-01  -7.4540444e-01   6.4224158e-01  -4.1135563e-01  -3.1312867e-01   7.3156178e-01  -1.0125847e+00
   2.0000000e+00  -1.0188916e-01   9.2749759e-01   1.6940679e+00  -1.1445220e+00  -9.0091735e-01   1.8772279e+00   6.4464049e-01  -9.3586120e-02  -1.6402550e+00   2.9346540e-01
   2.0000000e+00   1.6975011e+00   5.4780637e-01   9.2794999e-01  -7.1184049e-01   9.1566238e-01   2.4057632e-01   2.3435653e-01  -1.3505866e+00  -2.4897398e+00   9.0887408e-01
   2.0000000e+00   2.0840755e-01  -1.3930274e+00  -1.4645280e-03   5.2530798e-01   1.1101153e+00  -1.6369321e+00   1.8879881e+00   1.3714660e-01   6.7902639e-01  -2.7686572e-01
   1.0000000e+00   1.0430679e+00   1.1263814e+00  -1.3008622e+00   7.7472969e-01  -4.7975218e-01  -3.9697085e-01   9.3220169e-01  -1.5499955e+00  -3.4977888e-01   4.0513178e-01
   2.0000000e+00   9.2613371e-01  -1.6306920e+00  -8.7276943e-01   8.3318269e-01  -2.1417167e+00   1.4645779e+00  -1.0551349e-01   1.1299951e+00   1.8098186e+00  -2.4284225e+00
   1.0000000e+00  -1.2601020e+00   4.1973585e-02   1.7080645e-01   6.4197323e-01   4.3752148e-01  -3.4799741e-01  -1.3162075e+00  -6.6191626e-01   2.0848305e+00  -1.0996036e+00
   1.0000000e+00   9.6261258e-01   1.8162628e+00   1.3858530e+00   8.5721805e-01  -7.9636007e-02   1.5560349e-01   1.3434067e+00   1.0319264e+00  -1.6689725e+00   2.0699357e-01
   2.0000000e+00  -1.1710059e+00  -5.4382670e-01   2.4413900e-01   3.8485230e-01  -9.8717394e-01   1.0519853e+00  -9.8488796e-01   3.5681607e-01   4.2541684e-01   2.6586130e-02
   2.0000000e+00   3.4434267e-01   1.0752560e+00  -1.2722493e+00  -1.7673948e+00   1.3688182e+00   1.0993547e+00   1.3445485e+00  -3.3381969e-01  -3.3096839e-01   4.3917627e-01
   2.0000000e+00   3.5393036e-01   5.7024645e-01  -6.8132219e-01   3.9672147e-01  -1.8164026e-01   2.9624505e+00   8.9725723e-01  -1.9452550e-01   7.5312015e-03   1.4246285e-01
   2.0000000e+00  -3.8172853e-01  -3.2473839e-01  -7.7908984e-01   1.7086489e+00  -1.3617710e+00   1.0195407e+00   8.9574363e-01   9.8354138e-01  -5.4683163e-01   8.3359640e-01
   2.0000000e+00   7.9755592e-01  -1.6689127e-01   9.4816894e-01  -1.0431305e+00  -1.0582405e+00   1.1337921e-01  -6.9172249e-01   4.5822625e-01  -6.5472950e-01   9.5122472e-01
   2.0000000e+00   1.0981626e+00  -5.8696604e-01  -1.8062997e+00   1.3917807e+00   2.9158612e-01   7.2573705e-01   1.0850490e+00  -1.3913650e+00   1.2957529e+00  -1.5866993e+00
   2.0000000e+00  -4.8165760e-01  -8.4049846e-01  -1.4245978e-01   1.1809282e+00  -9.0632821e-01  -4.3831329e-01  -1.3356819e+00  -1.4988315e+00   3.0576267e-01  -1.2761230e+00
   2.0000000e+00   9.5084256e-02  -6.6608271e-01  -1.0074176e+00  -1.5531771e+00   7.9347953e-01  -5.6817324e-01  -3.2184485e-01   5.1639425e-01  -3.6890025e-01   1.3872162e+00
   1.0000000e+00  -1.4972685e+00   1.4101440e+00  -3.9596345e-01   7.1172388e-01  -1.0842764e+00  -9.7153188e-02  -1.7054735e+00   8.9917261e-01  -1.8784717e+00  -1.0235566e+00
   2.0000000e+00   1.1580970e+00   6.2172278e-01   4.2352107e-01  -5.7775837e-01  -2.3339313e-01   1.8620790e-01  -4.3337552e-01   5.9923292e-03  -1.0778980e+00  -3.3450071e-01
   2.0000000e+00  -1.7488142e+00   2.0113023e-01  -8.1154348e-02  -3.2184303e-01  -3.1205374e+00  -9.4421577e-01  -1.8356704e+00   2.0792766e+00  -1.1591438e+00   1.5760125e-01
   2.0000000e+00  -5.8807360e-01   1.0556540e+00  -8.2112901e-01  -9.0884591e-01  -1.6737817e+00  -4.1790232e-01   3.2231709e-01   2.1859688e-02  -8.2452406e-01  -6.4273445e-01
   2.0000000e+00  -1.4120598e+00  -2.0520951e+00  -8.7230296e-01   7.8532556e-01   6.2855139e-03   1.5732898e+00   1.5427129e+00   1.4904633e+00  -3.9259949e-01   4.2166885e-01
   2.0000000e+00   3.6611590e-01  -2.2299017e-01   5.0899935e-01   2.0313698e+00   6.7885350e-01  -3.2102130e-01   5.4318398e-01   6.3075576e-01  -1.4229053e+00  -1.8800542e+00
   2.0000000e+00  -1.0300834e+00  -6.4103119e-01   2.3543388e-01  -5.1366963e-01  -1.2393275e+00   5.9144583e-01  -5.6321227e-01   7.4760063e-01   5.6208949e-01  -1.1177890e+00
   2.0000000e+00   8.4804184e-01  -2.8371920e-01   5.2767323e-01  -6.5819810e-01   6.7746174e-02  -1.2067903e+00  -9.2466012e-01  -9.7240503e-01  -3.5369912e-01  -5.4295429e-01
   1.0000000e+00   8.7828506e-01  -1.6625055e+00  -5.7358371e-01   4.8311373e-01  -1.1419953e+00   6.2599558e-01   5.4620719e-01   6.3338875e-01   5.6975629e-01   5.2578391e-01
   1.0000000e+00  -1.4448243e+00  -5.5889727e-01  -1.3193402e+00   1.4702233e-01   4.1420263e-02   4.2796608e-01   8.3308900e-01   7.5316339e-01   8.2208503e-01   3.2698144e-01
   2.0000000e+00   7.4182877e-01  -3.2974576e-01  -7.9068142e-01  -5.2766827e-01   8.2562519e-01   6.8816302e-01  -4.1595973e-01  -3.2438362e-01  -2.1570026e-01   5.2364481e-01
   2.0000000e+00  -4.0638358e-01   2.6984232e-02   2.4983741e+00   1.6393904e+00  -7.5128950e-01   2.6026167e-01   2.2737708e+00  -1.6124826e+00  -1.2283258e+00  -2.2044703e-02
   2.0000000e+00   2.1873076e+00  -1.7979383e-01   8.2167774e-02   1.1908870e+00   5.9178966e-01  -5.6447885e-01  -5.4112650e-01   4.8481481e-01   1.2393079e+00  -7.7048093e-01
   2.0000000e+00   3.0233261e-01  -1.0003913e-01  -4.0494786e-01  -9.5957044e-02   2.9322750e-02  -2.2941607e+00  -1.8892029e+00  -9.6037142e-01  -7.4975050e-01   1.0526867e+00
   2.0000000e+00  -1.1740835e+00   5.0513137e-02   2.8952974e+00   1.3738127e+00  -3.6374043e-01   6.4909545e-01   5.2878034e-01  -8.7598501e-01   5.5079088e-02  -2.1527005e-01
   2.0000000e+00  -2.4086016e-01   4.0531786e-01   4.4232236e-01   6.8505798e-01   1.7011361e+00   1.0049483e+00  -4.6299623e-01  -1.3662997e-01  -1.2493084e-02   1.4425819e+00
   2.0000000e+00   1.7570380e-01  -6.9955965e-01  -1.6512674e-01  -5.9311058e-01   1.1252626e+00  -5.0269909e-01   9.0079392e-01   4.6913703e-02   1.1273918e+00  -1.0667627e+00
   2.0000000e+00   1.9073846e+00   5.4228940e-01   5.1432501e-01  -1.3295519e+00   1.7402040e-01   6.3784750e-02  -1.0969900e+00  -3.8441640e-01  -6.3752515e-01  -2.1101948e+00
   2.0000000e+00   1.9020410e+00  -2.9859688e-01  -1.0702837e+00  -2.6970521e-01  -4.0838165e-01  -3.3106786e-01   1.4731278e+00   9.7377468e-01   1.9487967e-02   2.5201996e-01
   2.0000000e+00   3.4050954e-01  -6.0144213e-01   1.3460469e-01  -6.3944209e-01  -2.3869491e+00  -7.2639729e-01   2.4682221e-01  -2.1506133e+00  -1.5113337e+00   4.7711402e-02
   1.0000000e+00  -1.5872854e-01   4.8639006e-02  -1.2181798e+00   3.6099639e-01   8.8366209e-01   6.7388741e-01   4.8370563e-01   8.3252443e-01   9.3408857e-01  -1.1650883e+00
   1.0000000e+00   2.4824157e-01  -2.9134386e-01   2.4587406e-01   1.0113534e-01  -2.3514390e+00   2.0397081e-01  -1.0375410e+00  -1.5793029e+00  -1.7620801e+00   2.8305463e-01
   2.0000000e+00   1.8091765e+00   8.9054912e-01  -8.5242374e-01   6.1891414e-01  -1.2026383e-01   7.9937689e-01   4.8058586e-01   7.2925124e-01  -6.3872990e-01   7.7427847e-01
   2.0000000e+00   4.3345316e-01   1.3092009e+00  -7.4457810e-01  -4.7485614e-02   1.7464656e-01   4.0725152e-01   1.5148519e+00  -6.3551339e-01  -9.7843041e-03  -7.3121436e-01
   2.0000000e+00   4.1273645e-01   2.4783367e+00  -1.9991180e+00   1.1173986e+00  -1.0050744e+00  -6.1386532e-01  -2.7628235e-01  -1.6313553e+00   1.6710574e+00  -5.2307308e-01
   1.0000000e+00  -5.2187208e-01  -3.9980022e-01   8.7993589e-01   3.4884566e-01   2.0482511e-01  -5.6152359e-01  -1.7324208e-01  -7.3187720e-01   4.4087862e-01   8.0002550e-01
   2.0000000e+00   6.9259241e-02   4.5871827e-01  -4.6538218e-01   1.3727258e+00  -6.6054760e-01   9.8669191e-02   1.2206649e+00   1.4171615e+00  -6.5293967e-01  -7.3425066e-01
   2.0000000e+00   1.9148852e+00  -2.0238947e-01   6.3385711e-01  -2.4261647e+00   3.4575942e-01   1.5116304e+00  -2.9092546e-01  -2.2453642e-01   9.7216873e-02  -1.4519141e+00
   2.0000000e+00   3.0568493e-01  -3.9487806e-01   6.6795105e-01  -1.4503815e+00   2.3908113e+00  -7.3160659e-01   1.1286304e+00   9.4152758e-01   3.5321139e-01   2.0396819e-01
   1.0000000e+00  -6.9635028e-01   1.0732346e-01   3.5592076e-01   2.0740870e-01   1.0090334e+00  -5.1914078e-01  -1.6750610e+00   3.6329122e-01   4.2935655e-01  -2.9918698e-01
   2.0000000e+00  -1.5378695e-02  -1.2131294e+00  -3.4958681e-01  -2.3113441e+00  -1.0771495e-01   1.9506718e-01   9.3783837e-01   4.0119223e-01   2.1997016e-01  -1.2241457e-01
   1.0000000e+00   2.0955150e-01  -1.8405411e+00  -8.0302139e-01   6.7843786e-02  -3.1959277e-01   7.3094086e-01  -6.5238266e-01  -3.8327090e-01  -5.1776849e-01   1.2205384e+00
   2.0000000e+00   6.2801898e-01   1.1707083e+00   1.4020642e+00  -4.0237832e-01   5.4431080e-01   5.2328036e-01   2.3982214e-01   3.5177295e-01   8.2458668e-01   2.0971708e+00
   2.0000000e+00   1.6520240e-01  -1.8120663e+00   1.3674743e+00  -2.5972658e+00  -6.7827696e-01  -1.2629468e+00   1.2480595e+00  -2.2497134e-01  -4.2382651e-04   2.3316574e+00
   2.0000000e+00  -1.0324293e+00   9.0184594e-01   5.2776696e-01   1.0637892e+00  -1.8160161e+00   7.5110572e-02  -1.1401860e+00  -9.1338257e-01  -1.0520723e+00  -9.7365262e-01
   2.0000000e+00  -1.5700613e+00  -1.2748734e+00   2.1741751e-01   1.4170708e+00  -4.9728426e-02  -8.5669422e-02  -1.0287145e+00   2.3103460e+00   1.4380400e+00   9.8614895e-02
   2.0000000e+00   1.7910099e+00  -9.7528758e-01  -2.5747020e+00  -2.7086791e-01   4.6414710e-01  -9.1028785e-01  -3.5299263e+00  -4.7650101e-01  -1.9494084e+00  -4.7448193e-01
   2.0000000e+00  -6.3296211e-01  -6.0096431e-02  -4.7444683e-01   2.0852243e-01  -1.0125258e-01  -1.5584156e+00  -6.5289802e-02   1.6673482e+00  -2.4558368e-01   1.8424487e+00
   1.0000000e+00   1.1357520e+00  -7.5766316e-01   1.1742646e+00   4.7850714e-02   1.9537262e+00  -1.7896682e-01   4.3538515e-01  -5.9432915e-01  -4.4625274e-01  -1.0754780e+00
   1.0000000e+00   1.6515786e-01   2.6319347e-01   7.1177275e-01   6.5152975e-01   5.8672478e-01  -5.7250832e-01  -4.8054938e-01  -2.5253675e+00  -4.2592523e-01   2.1126348e-01
   2.0000000e+00  -5.9658825e-01   3.8356504e-01  -6.9913786e-01   1.5447414e+00  -5.5514506e-01   1.0866855e-01   1.1668941e+00  -1.2095432e+00   4.7713611e-01  -2.3122746e-02
   2.0000000e+00  -1.1138401e+00  -5.6911512e-01  -9.3820301e-01  -5.3617175e-01   1.3445427e+00   9.5136572e-01  -7.6565516e-01  -7.8086492e-02  -1.3366104e+00   1.5784165e+00
   2.0000000e+00   9.7682955e-01   1.2944029e-01   1.5772918e-01  -1.6618392e-01   5.0395344e-01  -6.7863989e-02   2.3619084e+00   6.2107027e-01   1.2503878e+00   1.1129868e+00
   2.0000000e+00   1.3313959e+00  -3.4672197e-01  -3.5664370e-01   1.8587059e+00  -3.8653683e-01   1.6362629e-01  -5.7061585e-01   1.3016577e+00  -3.3857127e-01   6.4845164e-01
   2.0000000e+00   1.2618693e+00   5.6409790e-01   3.8328490e-01   1.4037461e+00   4.5958259e-01   2.0022879e-01   9.0873793e-01   5.2098530e-01  -8.4212681e-01  -6.1759144e-01
   2.0000000e+00   9.0711732e-01  -5.8964503e-01   5.0561979e-01  -5.3383407e-02   9.9074444e-01  -1.4701515e+00   2.6597151e+00   3.3112734e-01  -6.2943358e-01   7.5376489e-01
   2.0000000e+00  -7.0024983e-01  -8.5853175e-01   5.8255687e-01   1.3013860e-01   6.1524649e-01  -1.6918580e+00  -9.9777727e-01  -9.2968634e-01  -4.0213520e-01   1.1475505e+00
   2.0000000e+00   2.5129315e-01   2.4645412e+00  -2.9864555e-01  -1.0942327e+00  -3.3680926e-02   1.0403816e+00   1.1297842e-01   7.6570820e-01   2.7404464e-01   7.9509809e-01
   2.0000000e+00   1.1321668e+00  -5.6440050e-01   5.4165341e-01   2.5682721e+00   3.5732905e-01  -7.8696831e-01   1.7136248e-01  -1.3484610e+00  -3.1635689e-01   9.2739930e-01
   2.0000000e+00   2.1861214e-01  -1.1697394e-01  -8.9962525e-01  -1.8866138e-01  -6.6198406e-01   2.4750263e-01  -9.5266559e-01  -8.3687914e-01  -1.2563004e+00  -6.9399450e-02
   1.0000000e+00  -1.3335453e+00   6.7067184e-01  -7.7277167e-01   5.9569996e-01   7.0554621e-01   4.3348222e-01  -1.5557506e+00   9.1205485e-01  -8.3204521e-01  -1.4861769e+00
   2.0000000e+00  -6.1947191e-01  -3.2268330e-01   4.0718190e-01  -6.4171177e-01   1.2445079e+00   3.5001850e-01   1.2028154e-01  -1.1530478e+00   3.3511162e-01  -3.2841212e-01
   2.0000000e+00  -9.0011117e-01   9.4695963e-01   1.3806869e+00   1.2620940e+00  -8.5420329e-01  -3.2518962e-01   2.5461538e-01   1.6214195e+00  -3.4037514e-01  -9.7230572e-01
   2.0000000e+00   1.0253008e+00  -1.3118747e+00  -1.3019078e+00  -5.4169345e-02   1.0128799e-01  -8.3585107e-01  -4.7714698e-03  -1.9294806e+00  -4.2170369e-02  -7.2623088e-01
   2.0000000e+00  -1.3180438e+00  -1.1749985e+00   3.9839698e-01  -4.8187067e-01  -1.2068046e+00  -4.4514601e-02   5.1970736e-01   5.5414446e-01  -4.2371596e-01  -2.5023697e-01
   2.0000000e+00   4.6669166e-01   1.7487888e-01   5.3886341e-02  -6.3532459e-03  -1.3938926e+00   1.9586676e-01   9.6765562e-01   4.5072712e-01   2.1272093e+00  -1.7898265e+00
   2.0000000e+00   1.0716118e+00   8.1041048e-01  -5.1325944e-01   9.0841332e-01   1.7562315e+00  -3.7499393e-01   4.6372818e-01   1.1369293e+00  -9.4375627e-02   4.1125287e-01
   2.0000000e+00  -1.2607002e+00   4.7066468e-01   2.5548496e-01  -1.4415825e+00   2.2747104e-01   3.1904004e-01   6.6344267e-02   1.2482950e+00  -2.4323228e-02  -9.3838710e-01
   2.0000000e+00  -3.0186740e-02  -1.3870679e+00  -6.7650519e-01  -6.9120515e-01   8.0192913e-02  -9.0237575e-01  -3.9289349e-01   7.2899062e-01   5.7817010e-01  -4.7278341e-01
